(kicad_pcb (version 20171130) (host pcbnew "(5.1.9-0-10_14)")

  (general
    (thickness 1.6)
    (drawings 45)
    (tracks 291)
    (zones 0)
    (modules 36)
    (nets 49)
  )

  (page A4)
  (layers
    (0 F.Cu signal)
    (1 In1.Cu signal)
    (2 In2.Cu signal)
    (31 B.Cu signal hide)
    (32 B.Adhes user)
    (33 F.Adhes user)
    (34 B.Paste user)
    (35 F.Paste user)
    (36 B.SilkS user)
    (37 F.SilkS user)
    (38 B.Mask user)
    (39 F.Mask user)
    (40 Dwgs.User user hide)
    (41 Cmts.User user)
    (42 Eco1.User user)
    (43 Eco2.User user)
    (44 Edge.Cuts user)
    (45 Margin user)
    (46 B.CrtYd user)
    (47 F.CrtYd user)
    (48 B.Fab user)
    (49 F.Fab user hide)
  )

  (setup
    (last_trace_width 0.25)
    (user_trace_width 0.25)
    (trace_clearance 0.2)
    (zone_clearance 0.508)
    (zone_45_only yes)
    (trace_min 0.2)
    (via_size 0.8)
    (via_drill 0.4)
    (via_min_size 0.4)
    (via_min_drill 0.3)
    (uvia_size 0.3)
    (uvia_drill 0.1)
    (uvias_allowed no)
    (uvia_min_size 0.2)
    (uvia_min_drill 0.1)
    (edge_width 0.05)
    (segment_width 0.2)
    (pcb_text_width 0.3)
    (pcb_text_size 1.5 1.5)
    (mod_edge_width 0.12)
    (mod_text_size 1 1)
    (mod_text_width 0.15)
    (pad_size 0.3 1.3)
    (pad_drill 0)
    (pad_to_mask_clearance 0)
    (aux_axis_origin 0 0)
    (visible_elements FFFFFFFF)
    (pcbplotparams
      (layerselection 0x010fc_ffffffff)
      (usegerberextensions true)
      (usegerberattributes false)
      (usegerberadvancedattributes false)
      (creategerberjobfile false)
      (excludeedgelayer true)
      (linewidth 0.100000)
      (plotframeref false)
      (viasonmask false)
      (mode 1)
      (useauxorigin false)
      (hpglpennumber 1)
      (hpglpenspeed 20)
      (hpglpendiameter 15.000000)
      (psnegative false)
      (psa4output false)
      (plotreference true)
      (plotvalue false)
      (plotinvisibletext false)
      (padsonsilk false)
      (subtractmaskfromsilk true)
      (outputformat 1)
      (mirror false)
      (drillshape 0)
      (scaleselection 1)
      (outputdirectory "/Users/magnus/Developer/smart-lcc/pcb/smart-lcc/artifacts/"))
  )

  (net 0 "")
  (net 1 +3V3)
  (net 2 GND)
  (net 3 +12V)
  (net 4 RX_FROM_CONTROL_BOARD_5V)
  (net 5 TX_TO_CONTROL_BOARD)
  (net 6 TX_TO_AUX)
  (net 7 RX_FROM_AUX)
  (net 8 "Net-(J3-Pad21)")
  (net 9 "Net-(U1-Pad3)")
  (net 10 "Net-(U1-Pad4)")
  (net 11 "Net-(U1-Pad5)")
  (net 12 "Net-(U1-Pad6)")
  (net 13 "Net-(U1-Pad7)")
  (net 14 "Net-(U1-Pad8)")
  (net 15 "Net-(U1-Pad9)")
  (net 16 "Net-(U1-Pad12)")
  (net 17 "Net-(U1-Pad13)")
  (net 18 "Net-(U1-Pad24)")
  (net 19 "Net-(U1-Pad25)")
  (net 20 "Net-(U1-Pad30)")
  (net 21 "Net-(C1-Pad1)")
  (net 22 SSD1309_MOSI)
  (net 23 SSD1309_SCLK)
  (net 24 SSD1309_DC)
  (net 25 SSD1309_RES)
  (net 26 SSD1309_CS)
  (net 27 SW_MINUS)
  (net 28 SW_PLUS)
  (net 29 RX_FROM_CONTROL_BOARD_3V3)
  (net 30 3V3_MCU)
  (net 31 3V3_OLED)
  (net 32 "Net-(J3-Pad4)")
  (net 33 "Net-(J3-Pad10)")
  (net 34 VIN)
  (net 35 "Net-(U1-Pad11)")
  (net 36 "Net-(U1-Pad10)")
  (net 37 "Net-(D1-Pad1)")
  (net 38 "Net-(D2-Pad1)")
  (net 39 "Net-(D3-Pad1)")
  (net 40 "Net-(D4-Pad1)")
  (net 41 "Net-(D5-Pad1)")
  (net 42 "Net-(D7-Pad2)")
  (net 43 "Net-(D8-Pad2)")
  (net 44 "Net-(D10-Pad1)")
  (net 45 "Net-(Q1-Pad2)")
  (net 46 "Net-(Q2-Pad2)")
  (net 47 "Net-(Q3-Pad2)")
  (net 48 "Net-(Q4-Pad2)")

  (net_class Default "This is the default net class."
    (clearance 0.2)
    (trace_width 0.25)
    (via_dia 0.8)
    (via_drill 0.4)
    (uvia_dia 0.3)
    (uvia_drill 0.1)
    (add_net +3V3)
    (add_net 3V3_MCU)
    (add_net 3V3_OLED)
    (add_net GND)
    (add_net "Net-(C1-Pad1)")
    (add_net "Net-(D1-Pad1)")
    (add_net "Net-(D10-Pad1)")
    (add_net "Net-(D2-Pad1)")
    (add_net "Net-(D3-Pad1)")
    (add_net "Net-(D4-Pad1)")
    (add_net "Net-(D5-Pad1)")
    (add_net "Net-(D7-Pad2)")
    (add_net "Net-(D8-Pad2)")
    (add_net "Net-(J3-Pad10)")
    (add_net "Net-(J3-Pad21)")
    (add_net "Net-(J3-Pad4)")
    (add_net "Net-(Q1-Pad2)")
    (add_net "Net-(Q2-Pad2)")
    (add_net "Net-(Q3-Pad2)")
    (add_net "Net-(Q4-Pad2)")
    (add_net "Net-(U1-Pad10)")
    (add_net "Net-(U1-Pad11)")
    (add_net "Net-(U1-Pad12)")
    (add_net "Net-(U1-Pad13)")
    (add_net "Net-(U1-Pad24)")
    (add_net "Net-(U1-Pad25)")
    (add_net "Net-(U1-Pad3)")
    (add_net "Net-(U1-Pad30)")
    (add_net "Net-(U1-Pad4)")
    (add_net "Net-(U1-Pad5)")
    (add_net "Net-(U1-Pad6)")
    (add_net "Net-(U1-Pad7)")
    (add_net "Net-(U1-Pad8)")
    (add_net "Net-(U1-Pad9)")
    (add_net RX_FROM_AUX)
    (add_net RX_FROM_CONTROL_BOARD_3V3)
    (add_net RX_FROM_CONTROL_BOARD_5V)
    (add_net SSD1309_CS)
    (add_net SSD1309_DC)
    (add_net SSD1309_MOSI)
    (add_net SSD1309_RES)
    (add_net SSD1309_SCLK)
    (add_net SW_MINUS)
    (add_net SW_PLUS)
    (add_net TX_TO_AUX)
    (add_net TX_TO_CONTROL_BOARD)
  )

  (net_class 12V ""
    (clearance 0.2)
    (trace_width 0.5)
    (via_dia 1.6)
    (via_drill 0.8)
    (uvia_dia 0.3)
    (uvia_drill 0.1)
    (add_net +12V)
    (add_net VIN)
  )

  (module ABX00027:MODULE_ABX00027 (layer F.Cu) (tedit 60D78ADA) (tstamp 60D8098E)
    (at 45.593 52.832)
    (path /60D7B3AD)
    (fp_text reference U1 (at -18.825 -11.525) (layer F.SilkS)
      (effects (font (size 1 1) (thickness 0.15)))
    )
    (fp_text value ABX00027 (at -12.475 11.205) (layer F.Fab)
      (effects (font (size 1 1) (thickness 0.15)))
    )
    (fp_line (start 22 8.89) (end 22 -8.89) (layer F.SilkS) (width 0.127))
    (fp_line (start -22 -8.89) (end -22 8.89) (layer F.SilkS) (width 0.127))
    (fp_line (start -22 8.89) (end 22 8.89) (layer F.Fab) (width 0.127))
    (fp_line (start 22 8.89) (end 22 -8.89) (layer F.Fab) (width 0.127))
    (fp_line (start 22 -8.89) (end -22 -8.89) (layer F.Fab) (width 0.127))
    (fp_line (start -22 -8.89) (end -22 8.89) (layer F.Fab) (width 0.127))
    (fp_line (start -22.25 10.35) (end 22.25 10.35) (layer F.CrtYd) (width 0.05))
    (fp_line (start 22.25 10.35) (end 22.25 -10.35) (layer F.CrtYd) (width 0.05))
    (fp_line (start 22.25 -10.35) (end -22.25 -10.35) (layer F.CrtYd) (width 0.05))
    (fp_line (start -22.25 -10.35) (end -22.25 10.35) (layer F.CrtYd) (width 0.05))
    (fp_circle (center -19.83 9.4) (end -19.73 9.4) (layer F.SilkS) (width 0.2))
    (fp_circle (center -19.83 9.4) (end -19.73 9.4) (layer F.Fab) (width 0.2))
    (fp_line (start -22 -8.89) (end -22 8.89) (layer F.Fab) (width 0.127))
    (pad 30 smd rect (at -18.19 -9.1) (size 1.56 2) (layers F.Cu F.Paste F.Mask)
      (net 20 "Net-(U1-Pad30)"))
    (pad 29 smd rect (at -15.65 -9.1) (size 1.56 2) (layers F.Cu F.Paste F.Mask)
      (net 22 SSD1309_MOSI))
    (pad 28 smd rect (at -13.11 -9.1) (size 1.56 2) (layers F.Cu F.Paste F.Mask)
      (net 26 SSD1309_CS))
    (pad 27 smd rect (at -10.57 -9.1) (size 1.56 2) (layers F.Cu F.Paste F.Mask)
      (net 44 "Net-(D10-Pad1)"))
    (pad 26 smd rect (at -8.03 -9.1) (size 1.56 2) (layers F.Cu F.Paste F.Mask)
      (net 43 "Net-(D8-Pad2)"))
    (pad 25 smd rect (at -5.49 -9.1) (size 1.56 2) (layers F.Cu F.Paste F.Mask)
      (net 19 "Net-(U1-Pad25)"))
    (pad 24 smd rect (at -2.95 -9.1) (size 1.56 2) (layers F.Cu F.Paste F.Mask)
      (net 18 "Net-(U1-Pad24)"))
    (pad 23 smd rect (at -0.41 -9.1) (size 1.56 2) (layers F.Cu F.Paste F.Mask)
      (net 27 SW_MINUS))
    (pad 22 smd rect (at 2.13 -9.1) (size 1.56 2) (layers F.Cu F.Paste F.Mask)
      (net 28 SW_PLUS))
    (pad 21 smd rect (at 4.67 -9.1) (size 1.56 2) (layers F.Cu F.Paste F.Mask)
      (net 25 SSD1309_RES))
    (pad 20 smd rect (at 7.21 -9.1) (size 1.56 2) (layers F.Cu F.Paste F.Mask)
      (net 24 SSD1309_DC))
    (pad 19 smd rect (at 9.75 -9.1) (size 1.56 2) (layers F.Cu F.Paste F.Mask)
      (net 2 GND))
    (pad 18 smd rect (at 12.29 -9.1) (size 1.56 2) (layers F.Cu F.Paste F.Mask)
      (net 17 "Net-(U1-Pad13)"))
    (pad 17 smd rect (at 14.83 -9.1) (size 1.56 2) (layers F.Cu F.Paste F.Mask)
      (net 41 "Net-(D5-Pad1)"))
    (pad 16 smd rect (at 17.37 -9.1) (size 1.56 2) (layers F.Cu F.Paste F.Mask)
      (net 42 "Net-(D7-Pad2)"))
    (pad 15 smd rect (at 17.37 9.1) (size 1.56 2) (layers F.Cu F.Paste F.Mask)
      (net 34 VIN))
    (pad 14 smd rect (at 14.83 9.1) (size 1.56 2) (layers F.Cu F.Paste F.Mask)
      (net 2 GND))
    (pad 13 smd rect (at 12.29 9.1) (size 1.56 2) (layers F.Cu F.Paste F.Mask)
      (net 17 "Net-(U1-Pad13)"))
    (pad 12 smd rect (at 9.75 9.1) (size 1.56 2) (layers F.Cu F.Paste F.Mask)
      (net 16 "Net-(U1-Pad12)"))
    (pad 11 smd rect (at 7.21 9.1) (size 1.56 2) (layers F.Cu F.Paste F.Mask)
      (net 35 "Net-(U1-Pad11)"))
    (pad 10 smd rect (at 4.67 9.1) (size 1.56 2) (layers F.Cu F.Paste F.Mask)
      (net 36 "Net-(U1-Pad10)"))
    (pad 9 smd rect (at 2.13 9.1) (size 1.56 2) (layers F.Cu F.Paste F.Mask)
      (net 15 "Net-(U1-Pad9)"))
    (pad 8 smd rect (at -0.41 9.1) (size 1.56 2) (layers F.Cu F.Paste F.Mask)
      (net 14 "Net-(U1-Pad8)"))
    (pad 7 smd rect (at -2.95 9.1) (size 1.56 2) (layers F.Cu F.Paste F.Mask)
      (net 13 "Net-(U1-Pad7)"))
    (pad 6 smd rect (at -5.49 9.1) (size 1.56 2) (layers F.Cu F.Paste F.Mask)
      (net 12 "Net-(U1-Pad6)"))
    (pad 5 smd rect (at -8.03 9.1) (size 1.56 2) (layers F.Cu F.Paste F.Mask)
      (net 11 "Net-(U1-Pad5)"))
    (pad 4 smd rect (at -10.57 9.1) (size 1.56 2) (layers F.Cu F.Paste F.Mask)
      (net 10 "Net-(U1-Pad4)"))
    (pad 3 smd rect (at -13.11 9.1) (size 1.56 2) (layers F.Cu F.Paste F.Mask)
      (net 9 "Net-(U1-Pad3)"))
    (pad 2 smd rect (at -15.65 9.1) (size 1.56 2) (layers F.Cu F.Paste F.Mask)
      (net 1 +3V3))
    (pad 1 smd rect (at -18.19 9.1) (size 1.56 2) (layers F.Cu F.Paste F.Mask)
      (net 23 SSD1309_SCLK))
    (pad None np_thru_hole circle (at 19.91 7.62) (size 1.651 1.651) (drill 1.651) (layers *.Cu *.Mask))
    (pad None np_thru_hole circle (at 19.91 -7.62) (size 1.651 1.651) (drill 1.651) (layers *.Cu *.Mask))
    (pad None np_thru_hole circle (at -20.73 -7.62) (size 1.651 1.651) (drill 1.651) (layers *.Cu *.Mask))
    (pad None np_thru_hole circle (at -20.73 7.62) (size 1.651 1.651) (drill 1.651) (layers *.Cu *.Mask))
  )

  (module TE_280372-1:TE_280372-1 (layer F.Cu) (tedit 60D8DF3A) (tstamp 60D77E97)
    (at 73.025 45.466 270)
    (path /60D8FA50)
    (fp_text reference J1 (at -6.475 -4.435 90) (layer F.SilkS)
      (effects (font (size 1 1) (thickness 0.15)))
    )
    (fp_text value 280372-1 (at -2.665 3.915 90) (layer F.Fab)
      (effects (font (size 1 1) (thickness 0.15)))
    )
    (fp_line (start -8.9 2.3) (end -8.9 -2.8) (layer F.Fab) (width 0.127))
    (fp_line (start -8.9 -2.8) (end 8.9 -2.8) (layer F.Fab) (width 0.127))
    (fp_line (start 8.9 -2.8) (end 8.9 2.3) (layer F.Fab) (width 0.127))
    (fp_line (start 8.9 2.3) (end -8.9 2.3) (layer F.Fab) (width 0.127))
    (fp_line (start -8.9 2.3) (end -8.9 -2.8) (layer F.SilkS) (width 0.127))
    (fp_line (start 8.9 -2.8) (end 8.9 2.3) (layer F.SilkS) (width 0.127))
    (fp_line (start -8.9 -2.8) (end 8.9 -2.8) (layer F.SilkS) (width 0.127))
    (fp_line (start 8.9 2.3) (end -8.9 2.3) (layer F.SilkS) (width 0.127))
    (fp_line (start -9.15 -3.05) (end 9.15 -3.05) (layer F.CrtYd) (width 0.05))
    (fp_line (start 9.15 2.55) (end -9.15 2.55) (layer F.CrtYd) (width 0.05))
    (fp_line (start -9.15 2.55) (end -9.15 -3.05) (layer F.CrtYd) (width 0.05))
    (fp_line (start 9.15 -3.05) (end 9.15 2.55) (layer F.CrtYd) (width 0.05))
    (fp_circle (center -6.35 3.3) (end -6.25 3.3) (layer F.SilkS) (width 0.2))
    (fp_circle (center -6.35 3.3) (end -6.25 3.3) (layer F.Fab) (width 0.2))
    (pad 6 thru_hole circle (at 6.35 0 270) (size 1.7145 1.7145) (drill 1.143) (layers *.Cu *.Mask)
      (net 30 3V3_MCU))
    (pad 5 thru_hole circle (at 3.81 0 270) (size 1.7145 1.7145) (drill 1.143) (layers *.Cu *.Mask)
      (net 31 3V3_OLED))
    (pad 4 thru_hole circle (at 1.27 0 270) (size 1.7145 1.7145) (drill 1.143) (layers *.Cu *.Mask)
      (net 2 GND))
    (pad 3 thru_hole circle (at -1.27 0 270) (size 1.7145 1.7145) (drill 1.143) (layers *.Cu *.Mask)
      (net 4 RX_FROM_CONTROL_BOARD_5V))
    (pad 2 thru_hole circle (at -3.81 0 270) (size 1.7145 1.7145) (drill 1.143) (layers *.Cu *.Mask)
      (net 5 TX_TO_CONTROL_BOARD))
    (pad 1 thru_hole rect (at -6.35 0 270) (size 1.7145 1.7145) (drill 1.143) (layers *.Cu *.Mask)
      (net 3 +12V))
  )

  (module Resistor_SMD:R_0603_1608Metric (layer F.Cu) (tedit 5F68FEEE) (tstamp 6104960E)
    (at 61.976 34.036 180)
    (descr "Resistor SMD 0603 (1608 Metric), square (rectangular) end terminal, IPC_7351 nominal, (Body size source: IPC-SM-782 page 72, https://www.pcb-3d.com/wordpress/wp-content/uploads/ipc-sm-782a_amendment_1_and_2.pdf), generated with kicad-footprint-generator")
    (tags resistor)
    (path /60D87457)
    (attr smd)
    (fp_text reference R3 (at 0 -1.43) (layer F.SilkS)
      (effects (font (size 1 1) (thickness 0.15)))
    )
    (fp_text value 910K (at 0 1.43) (layer F.Fab)
      (effects (font (size 1 1) (thickness 0.15)))
    )
    (fp_text user %R (at 0 0) (layer F.Fab)
      (effects (font (size 0.4 0.4) (thickness 0.06)))
    )
    (fp_line (start -0.8 0.4125) (end -0.8 -0.4125) (layer F.Fab) (width 0.1))
    (fp_line (start -0.8 -0.4125) (end 0.8 -0.4125) (layer F.Fab) (width 0.1))
    (fp_line (start 0.8 -0.4125) (end 0.8 0.4125) (layer F.Fab) (width 0.1))
    (fp_line (start 0.8 0.4125) (end -0.8 0.4125) (layer F.Fab) (width 0.1))
    (fp_line (start -0.237258 -0.5225) (end 0.237258 -0.5225) (layer F.SilkS) (width 0.12))
    (fp_line (start -0.237258 0.5225) (end 0.237258 0.5225) (layer F.SilkS) (width 0.12))
    (fp_line (start -1.48 0.73) (end -1.48 -0.73) (layer F.CrtYd) (width 0.05))
    (fp_line (start -1.48 -0.73) (end 1.48 -0.73) (layer F.CrtYd) (width 0.05))
    (fp_line (start 1.48 -0.73) (end 1.48 0.73) (layer F.CrtYd) (width 0.05))
    (fp_line (start 1.48 0.73) (end -1.48 0.73) (layer F.CrtYd) (width 0.05))
    (pad 2 smd roundrect (at 0.825 0 180) (size 0.8 0.95) (layers F.Cu F.Paste F.Mask) (roundrect_rratio 0.25)
      (net 32 "Net-(J3-Pad4)"))
    (pad 1 smd roundrect (at -0.825 0 180) (size 0.8 0.95) (layers F.Cu F.Paste F.Mask) (roundrect_rratio 0.25)
      (net 2 GND))
    (model ${KISYS3DMOD}/Resistor_SMD.3dshapes/R_0603_1608Metric.wrl
      (at (xyz 0 0 0))
      (scale (xyz 1 1 1))
      (rotate (xyz 0 0 0))
    )
  )

  (module Resistor_SMD:R_0402_1005Metric (layer F.Cu) (tedit 5F68FEEE) (tstamp 610495FD)
    (at 71.882 56.896)
    (descr "Resistor SMD 0402 (1005 Metric), square (rectangular) end terminal, IPC_7351 nominal, (Body size source: IPC-SM-782 page 72, https://www.pcb-3d.com/wordpress/wp-content/uploads/ipc-sm-782a_amendment_1_and_2.pdf), generated with kicad-footprint-generator")
    (tags resistor)
    (path /60D9B58C)
    (attr smd)
    (fp_text reference R2 (at 0 -1.17) (layer F.SilkS)
      (effects (font (size 1 1) (thickness 0.15)))
    )
    (fp_text value 3K3 (at 0 1.17) (layer F.Fab)
      (effects (font (size 1 1) (thickness 0.15)))
    )
    (fp_text user %R (at 0 0) (layer F.Fab)
      (effects (font (size 0.26 0.26) (thickness 0.04)))
    )
    (fp_line (start -0.525 0.27) (end -0.525 -0.27) (layer F.Fab) (width 0.1))
    (fp_line (start -0.525 -0.27) (end 0.525 -0.27) (layer F.Fab) (width 0.1))
    (fp_line (start 0.525 -0.27) (end 0.525 0.27) (layer F.Fab) (width 0.1))
    (fp_line (start 0.525 0.27) (end -0.525 0.27) (layer F.Fab) (width 0.1))
    (fp_line (start -0.153641 -0.38) (end 0.153641 -0.38) (layer F.SilkS) (width 0.12))
    (fp_line (start -0.153641 0.38) (end 0.153641 0.38) (layer F.SilkS) (width 0.12))
    (fp_line (start -0.93 0.47) (end -0.93 -0.47) (layer F.CrtYd) (width 0.05))
    (fp_line (start -0.93 -0.47) (end 0.93 -0.47) (layer F.CrtYd) (width 0.05))
    (fp_line (start 0.93 -0.47) (end 0.93 0.47) (layer F.CrtYd) (width 0.05))
    (fp_line (start 0.93 0.47) (end -0.93 0.47) (layer F.CrtYd) (width 0.05))
    (pad 2 smd roundrect (at 0.51 0) (size 0.54 0.64) (layers F.Cu F.Paste F.Mask) (roundrect_rratio 0.25)
      (net 29 RX_FROM_CONTROL_BOARD_3V3))
    (pad 1 smd roundrect (at -0.51 0) (size 0.54 0.64) (layers F.Cu F.Paste F.Mask) (roundrect_rratio 0.25)
      (net 2 GND))
    (model ${KISYS3DMOD}/Resistor_SMD.3dshapes/R_0402_1005Metric.wrl
      (at (xyz 0 0 0))
      (scale (xyz 1 1 1))
      (rotate (xyz 0 0 0))
    )
  )

  (module Resistor_SMD:R_0402_1005Metric (layer F.Cu) (tedit 5F68FEEE) (tstamp 610495EC)
    (at 73.912 56.896)
    (descr "Resistor SMD 0402 (1005 Metric), square (rectangular) end terminal, IPC_7351 nominal, (Body size source: IPC-SM-782 page 72, https://www.pcb-3d.com/wordpress/wp-content/uploads/ipc-sm-782a_amendment_1_and_2.pdf), generated with kicad-footprint-generator")
    (tags resistor)
    (path /60D9A388)
    (attr smd)
    (fp_text reference R1 (at 0 -1.17) (layer F.SilkS)
      (effects (font (size 1 1) (thickness 0.15)))
    )
    (fp_text value 2K2 (at 0 1.17) (layer F.Fab)
      (effects (font (size 1 1) (thickness 0.15)))
    )
    (fp_text user %R (at 0 0) (layer F.Fab)
      (effects (font (size 0.26 0.26) (thickness 0.04)))
    )
    (fp_line (start -0.525 0.27) (end -0.525 -0.27) (layer F.Fab) (width 0.1))
    (fp_line (start -0.525 -0.27) (end 0.525 -0.27) (layer F.Fab) (width 0.1))
    (fp_line (start 0.525 -0.27) (end 0.525 0.27) (layer F.Fab) (width 0.1))
    (fp_line (start 0.525 0.27) (end -0.525 0.27) (layer F.Fab) (width 0.1))
    (fp_line (start -0.153641 -0.38) (end 0.153641 -0.38) (layer F.SilkS) (width 0.12))
    (fp_line (start -0.153641 0.38) (end 0.153641 0.38) (layer F.SilkS) (width 0.12))
    (fp_line (start -0.93 0.47) (end -0.93 -0.47) (layer F.CrtYd) (width 0.05))
    (fp_line (start -0.93 -0.47) (end 0.93 -0.47) (layer F.CrtYd) (width 0.05))
    (fp_line (start 0.93 -0.47) (end 0.93 0.47) (layer F.CrtYd) (width 0.05))
    (fp_line (start 0.93 0.47) (end -0.93 0.47) (layer F.CrtYd) (width 0.05))
    (pad 2 smd roundrect (at 0.51 0) (size 0.54 0.64) (layers F.Cu F.Paste F.Mask) (roundrect_rratio 0.25)
      (net 4 RX_FROM_CONTROL_BOARD_5V))
    (pad 1 smd roundrect (at -0.51 0) (size 0.54 0.64) (layers F.Cu F.Paste F.Mask) (roundrect_rratio 0.25)
      (net 29 RX_FROM_CONTROL_BOARD_3V3))
    (model ${KISYS3DMOD}/Resistor_SMD.3dshapes/R_0402_1005Metric.wrl
      (at (xyz 0 0 0))
      (scale (xyz 1 1 1))
      (rotate (xyz 0 0 0))
    )
  )

  (module Capacitor_SMD:C_0402_1005Metric (layer F.Cu) (tedit 5F68FEEE) (tstamp 61049288)
    (at 64.7354 33.528 180)
    (descr "Capacitor SMD 0402 (1005 Metric), square (rectangular) end terminal, IPC_7351 nominal, (Body size source: IPC-SM-782 page 76, https://www.pcb-3d.com/wordpress/wp-content/uploads/ipc-sm-782a_amendment_1_and_2.pdf), generated with kicad-footprint-generator")
    (tags capacitor)
    (path /60D9151C)
    (attr smd)
    (fp_text reference C3 (at 0 -1.16) (layer F.SilkS)
      (effects (font (size 1 1) (thickness 0.15)))
    )
    (fp_text value "0.1 µF / 25V, X7R" (at 0 1.16) (layer F.Fab)
      (effects (font (size 1 1) (thickness 0.15)))
    )
    (fp_text user %R (at 0 0) (layer F.Fab)
      (effects (font (size 0.25 0.25) (thickness 0.04)))
    )
    (fp_line (start -0.5 0.25) (end -0.5 -0.25) (layer F.Fab) (width 0.1))
    (fp_line (start -0.5 -0.25) (end 0.5 -0.25) (layer F.Fab) (width 0.1))
    (fp_line (start 0.5 -0.25) (end 0.5 0.25) (layer F.Fab) (width 0.1))
    (fp_line (start 0.5 0.25) (end -0.5 0.25) (layer F.Fab) (width 0.1))
    (fp_line (start -0.107836 -0.36) (end 0.107836 -0.36) (layer F.SilkS) (width 0.12))
    (fp_line (start -0.107836 0.36) (end 0.107836 0.36) (layer F.SilkS) (width 0.12))
    (fp_line (start -0.91 0.46) (end -0.91 -0.46) (layer F.CrtYd) (width 0.05))
    (fp_line (start -0.91 -0.46) (end 0.91 -0.46) (layer F.CrtYd) (width 0.05))
    (fp_line (start 0.91 -0.46) (end 0.91 0.46) (layer F.CrtYd) (width 0.05))
    (fp_line (start 0.91 0.46) (end -0.91 0.46) (layer F.CrtYd) (width 0.05))
    (pad 2 smd roundrect (at 0.48 0 180) (size 0.56 0.62) (layers F.Cu F.Paste F.Mask) (roundrect_rratio 0.25)
      (net 2 GND))
    (pad 1 smd roundrect (at -0.48 0 180) (size 0.56 0.62) (layers F.Cu F.Paste F.Mask) (roundrect_rratio 0.25)
      (net 3 +12V))
    (model ${KISYS3DMOD}/Capacitor_SMD.3dshapes/C_0402_1005Metric.wrl
      (at (xyz 0 0 0))
      (scale (xyz 1 1 1))
      (rotate (xyz 0 0 0))
    )
  )

  (module Capacitor_SMD:C_0402_1005Metric (layer F.Cu) (tedit 5F68FEEE) (tstamp 61049277)
    (at 64.77 32.258 180)
    (descr "Capacitor SMD 0402 (1005 Metric), square (rectangular) end terminal, IPC_7351 nominal, (Body size source: IPC-SM-782 page 76, https://www.pcb-3d.com/wordpress/wp-content/uploads/ipc-sm-782a_amendment_1_and_2.pdf), generated with kicad-footprint-generator")
    (tags capacitor)
    (path /60D8F384)
    (attr smd)
    (fp_text reference C2 (at 0 -1.16) (layer F.SilkS)
      (effects (font (size 1 1) (thickness 0.15)))
    )
    (fp_text value "4.7µF / 25V, X7R" (at 0 1.16) (layer F.Fab)
      (effects (font (size 1 1) (thickness 0.15)))
    )
    (fp_text user %R (at 0 0) (layer F.Fab)
      (effects (font (size 0.25 0.25) (thickness 0.04)))
    )
    (fp_line (start -0.5 0.25) (end -0.5 -0.25) (layer F.Fab) (width 0.1))
    (fp_line (start -0.5 -0.25) (end 0.5 -0.25) (layer F.Fab) (width 0.1))
    (fp_line (start 0.5 -0.25) (end 0.5 0.25) (layer F.Fab) (width 0.1))
    (fp_line (start 0.5 0.25) (end -0.5 0.25) (layer F.Fab) (width 0.1))
    (fp_line (start -0.107836 -0.36) (end 0.107836 -0.36) (layer F.SilkS) (width 0.12))
    (fp_line (start -0.107836 0.36) (end 0.107836 0.36) (layer F.SilkS) (width 0.12))
    (fp_line (start -0.91 0.46) (end -0.91 -0.46) (layer F.CrtYd) (width 0.05))
    (fp_line (start -0.91 -0.46) (end 0.91 -0.46) (layer F.CrtYd) (width 0.05))
    (fp_line (start 0.91 -0.46) (end 0.91 0.46) (layer F.CrtYd) (width 0.05))
    (fp_line (start 0.91 0.46) (end -0.91 0.46) (layer F.CrtYd) (width 0.05))
    (pad 2 smd roundrect (at 0.48 0 180) (size 0.56 0.62) (layers F.Cu F.Paste F.Mask) (roundrect_rratio 0.25)
      (net 2 GND))
    (pad 1 smd roundrect (at -0.48 0 180) (size 0.56 0.62) (layers F.Cu F.Paste F.Mask) (roundrect_rratio 0.25)
      (net 3 +12V))
    (model ${KISYS3DMOD}/Capacitor_SMD.3dshapes/C_0402_1005Metric.wrl
      (at (xyz 0 0 0))
      (scale (xyz 1 1 1))
      (rotate (xyz 0 0 0))
    )
  )

  (module Capacitor_SMD:C_0603_1608Metric (layer F.Cu) (tedit 5F68FEEE) (tstamp 61049266)
    (at 62.0014 32.258)
    (descr "Capacitor SMD 0603 (1608 Metric), square (rectangular) end terminal, IPC_7351 nominal, (Body size source: IPC-SM-782 page 76, https://www.pcb-3d.com/wordpress/wp-content/uploads/ipc-sm-782a_amendment_1_and_2.pdf), generated with kicad-footprint-generator")
    (tags capacitor)
    (path /60D8B976)
    (attr smd)
    (fp_text reference C1 (at 0 -1.43) (layer F.SilkS)
      (effects (font (size 1 1) (thickness 0.15)))
    )
    (fp_text value "2.2 µF / 25V" (at 0 1.43) (layer F.Fab)
      (effects (font (size 1 1) (thickness 0.15)))
    )
    (fp_text user %R (at 0 0) (layer F.Fab)
      (effects (font (size 0.4 0.4) (thickness 0.06)))
    )
    (fp_line (start -0.8 0.4) (end -0.8 -0.4) (layer F.Fab) (width 0.1))
    (fp_line (start -0.8 -0.4) (end 0.8 -0.4) (layer F.Fab) (width 0.1))
    (fp_line (start 0.8 -0.4) (end 0.8 0.4) (layer F.Fab) (width 0.1))
    (fp_line (start 0.8 0.4) (end -0.8 0.4) (layer F.Fab) (width 0.1))
    (fp_line (start -0.14058 -0.51) (end 0.14058 -0.51) (layer F.SilkS) (width 0.12))
    (fp_line (start -0.14058 0.51) (end 0.14058 0.51) (layer F.SilkS) (width 0.12))
    (fp_line (start -1.48 0.73) (end -1.48 -0.73) (layer F.CrtYd) (width 0.05))
    (fp_line (start -1.48 -0.73) (end 1.48 -0.73) (layer F.CrtYd) (width 0.05))
    (fp_line (start 1.48 -0.73) (end 1.48 0.73) (layer F.CrtYd) (width 0.05))
    (fp_line (start 1.48 0.73) (end -1.48 0.73) (layer F.CrtYd) (width 0.05))
    (pad 2 smd roundrect (at 0.775 0) (size 0.9 0.95) (layers F.Cu F.Paste F.Mask) (roundrect_rratio 0.25)
      (net 2 GND))
    (pad 1 smd roundrect (at -0.775 0) (size 0.9 0.95) (layers F.Cu F.Paste F.Mask) (roundrect_rratio 0.25)
      (net 21 "Net-(C1-Pad1)"))
    (model ${KISYS3DMOD}/Capacitor_SMD.3dshapes/C_0603_1608Metric.wrl
      (at (xyz 0 0 0))
      (scale (xyz 1 1 1))
      (rotate (xyz 0 0 0))
    )
  )

  (module Resistor_SMD:R_0603_1608Metric (layer F.Cu) (tedit 5F68FEEE) (tstamp 61048AEF)
    (at 37.338 69.088)
    (descr "Resistor SMD 0603 (1608 Metric), square (rectangular) end terminal, IPC_7351 nominal, (Body size source: IPC-SM-782 page 72, https://www.pcb-3d.com/wordpress/wp-content/uploads/ipc-sm-782a_amendment_1_and_2.pdf), generated with kicad-footprint-generator")
    (tags resistor)
    (path /61076491)
    (attr smd)
    (fp_text reference R7 (at 0 -1.43) (layer F.SilkS)
      (effects (font (size 1 1) (thickness 0.15)))
    )
    (fp_text value 20R (at 0 1.43) (layer F.Fab)
      (effects (font (size 1 1) (thickness 0.15)))
    )
    (fp_text user %R (at 0 0) (layer F.Fab)
      (effects (font (size 0.4 0.4) (thickness 0.06)))
    )
    (fp_line (start -0.8 0.4125) (end -0.8 -0.4125) (layer F.Fab) (width 0.1))
    (fp_line (start -0.8 -0.4125) (end 0.8 -0.4125) (layer F.Fab) (width 0.1))
    (fp_line (start 0.8 -0.4125) (end 0.8 0.4125) (layer F.Fab) (width 0.1))
    (fp_line (start 0.8 0.4125) (end -0.8 0.4125) (layer F.Fab) (width 0.1))
    (fp_line (start -0.237258 -0.5225) (end 0.237258 -0.5225) (layer F.SilkS) (width 0.12))
    (fp_line (start -0.237258 0.5225) (end 0.237258 0.5225) (layer F.SilkS) (width 0.12))
    (fp_line (start -1.48 0.73) (end -1.48 -0.73) (layer F.CrtYd) (width 0.05))
    (fp_line (start -1.48 -0.73) (end 1.48 -0.73) (layer F.CrtYd) (width 0.05))
    (fp_line (start 1.48 -0.73) (end 1.48 0.73) (layer F.CrtYd) (width 0.05))
    (fp_line (start 1.48 0.73) (end -1.48 0.73) (layer F.CrtYd) (width 0.05))
    (pad 2 smd roundrect (at 0.825 0) (size 0.8 0.95) (layers F.Cu F.Paste F.Mask) (roundrect_rratio 0.25)
      (net 40 "Net-(D4-Pad1)"))
    (pad 1 smd roundrect (at -0.825 0) (size 0.8 0.95) (layers F.Cu F.Paste F.Mask) (roundrect_rratio 0.25)
      (net 48 "Net-(Q4-Pad2)"))
    (model ${KISYS3DMOD}/Resistor_SMD.3dshapes/R_0603_1608Metric.wrl
      (at (xyz 0 0 0))
      (scale (xyz 1 1 1))
      (rotate (xyz 0 0 0))
    )
  )

  (module Resistor_SMD:R_0603_1608Metric (layer F.Cu) (tedit 5F68FEEE) (tstamp 61048ADE)
    (at 36.131 34.29)
    (descr "Resistor SMD 0603 (1608 Metric), square (rectangular) end terminal, IPC_7351 nominal, (Body size source: IPC-SM-782 page 72, https://www.pcb-3d.com/wordpress/wp-content/uploads/ipc-sm-782a_amendment_1_and_2.pdf), generated with kicad-footprint-generator")
    (tags resistor)
    (path /6106DFF3)
    (attr smd)
    (fp_text reference R6 (at 0 -1.43) (layer F.SilkS)
      (effects (font (size 1 1) (thickness 0.15)))
    )
    (fp_text value 20R (at 0 1.43) (layer F.Fab)
      (effects (font (size 1 1) (thickness 0.15)))
    )
    (fp_line (start 1.48 0.73) (end -1.48 0.73) (layer F.CrtYd) (width 0.05))
    (fp_line (start 1.48 -0.73) (end 1.48 0.73) (layer F.CrtYd) (width 0.05))
    (fp_line (start -1.48 -0.73) (end 1.48 -0.73) (layer F.CrtYd) (width 0.05))
    (fp_line (start -1.48 0.73) (end -1.48 -0.73) (layer F.CrtYd) (width 0.05))
    (fp_line (start -0.237258 0.5225) (end 0.237258 0.5225) (layer F.SilkS) (width 0.12))
    (fp_line (start -0.237258 -0.5225) (end 0.237258 -0.5225) (layer F.SilkS) (width 0.12))
    (fp_line (start 0.8 0.4125) (end -0.8 0.4125) (layer F.Fab) (width 0.1))
    (fp_line (start 0.8 -0.4125) (end 0.8 0.4125) (layer F.Fab) (width 0.1))
    (fp_line (start -0.8 -0.4125) (end 0.8 -0.4125) (layer F.Fab) (width 0.1))
    (fp_line (start -0.8 0.4125) (end -0.8 -0.4125) (layer F.Fab) (width 0.1))
    (fp_text user %R (at 0 0) (layer F.Fab)
      (effects (font (size 0.4 0.4) (thickness 0.06)))
    )
    (pad 1 smd roundrect (at -0.825 0) (size 0.8 0.95) (layers F.Cu F.Paste F.Mask) (roundrect_rratio 0.25)
      (net 47 "Net-(Q3-Pad2)"))
    (pad 2 smd roundrect (at 0.825 0) (size 0.8 0.95) (layers F.Cu F.Paste F.Mask) (roundrect_rratio 0.25)
      (net 39 "Net-(D3-Pad1)"))
    (model ${KISYS3DMOD}/Resistor_SMD.3dshapes/R_0603_1608Metric.wrl
      (at (xyz 0 0 0))
      (scale (xyz 1 1 1))
      (rotate (xyz 0 0 0))
    )
  )

  (module Resistor_SMD:R_0603_1608Metric (layer F.Cu) (tedit 5F68FEEE) (tstamp 61048ACD)
    (at 37.338 67.31)
    (descr "Resistor SMD 0603 (1608 Metric), square (rectangular) end terminal, IPC_7351 nominal, (Body size source: IPC-SM-782 page 72, https://www.pcb-3d.com/wordpress/wp-content/uploads/ipc-sm-782a_amendment_1_and_2.pdf), generated with kicad-footprint-generator")
    (tags resistor)
    (path /61076472)
    (attr smd)
    (fp_text reference R5 (at 0 -1.43) (layer F.SilkS)
      (effects (font (size 1 1) (thickness 0.15)))
    )
    (fp_text value 20R (at 0 1.43) (layer F.Fab)
      (effects (font (size 1 1) (thickness 0.15)))
    )
    (fp_text user %R (at 0 0) (layer F.Fab)
      (effects (font (size 0.4 0.4) (thickness 0.06)))
    )
    (fp_line (start -0.8 0.4125) (end -0.8 -0.4125) (layer F.Fab) (width 0.1))
    (fp_line (start -0.8 -0.4125) (end 0.8 -0.4125) (layer F.Fab) (width 0.1))
    (fp_line (start 0.8 -0.4125) (end 0.8 0.4125) (layer F.Fab) (width 0.1))
    (fp_line (start 0.8 0.4125) (end -0.8 0.4125) (layer F.Fab) (width 0.1))
    (fp_line (start -0.237258 -0.5225) (end 0.237258 -0.5225) (layer F.SilkS) (width 0.12))
    (fp_line (start -0.237258 0.5225) (end 0.237258 0.5225) (layer F.SilkS) (width 0.12))
    (fp_line (start -1.48 0.73) (end -1.48 -0.73) (layer F.CrtYd) (width 0.05))
    (fp_line (start -1.48 -0.73) (end 1.48 -0.73) (layer F.CrtYd) (width 0.05))
    (fp_line (start 1.48 -0.73) (end 1.48 0.73) (layer F.CrtYd) (width 0.05))
    (fp_line (start 1.48 0.73) (end -1.48 0.73) (layer F.CrtYd) (width 0.05))
    (pad 2 smd roundrect (at 0.825 0) (size 0.8 0.95) (layers F.Cu F.Paste F.Mask) (roundrect_rratio 0.25)
      (net 38 "Net-(D2-Pad1)"))
    (pad 1 smd roundrect (at -0.825 0) (size 0.8 0.95) (layers F.Cu F.Paste F.Mask) (roundrect_rratio 0.25)
      (net 46 "Net-(Q2-Pad2)"))
    (model ${KISYS3DMOD}/Resistor_SMD.3dshapes/R_0603_1608Metric.wrl
      (at (xyz 0 0 0))
      (scale (xyz 1 1 1))
      (rotate (xyz 0 0 0))
    )
  )

  (module Resistor_SMD:R_0603_1608Metric (layer F.Cu) (tedit 5F68FEEE) (tstamp 61048ABC)
    (at 32.258 34.29)
    (descr "Resistor SMD 0603 (1608 Metric), square (rectangular) end terminal, IPC_7351 nominal, (Body size source: IPC-SM-782 page 72, https://www.pcb-3d.com/wordpress/wp-content/uploads/ipc-sm-782a_amendment_1_and_2.pdf), generated with kicad-footprint-generator")
    (tags resistor)
    (path /61062779)
    (attr smd)
    (fp_text reference R4 (at 0 -1.43) (layer F.SilkS)
      (effects (font (size 1 1) (thickness 0.15)))
    )
    (fp_text value 20R (at 0 1.43) (layer F.Fab)
      (effects (font (size 1 1) (thickness 0.15)))
    )
    (fp_line (start 1.48 0.73) (end -1.48 0.73) (layer F.CrtYd) (width 0.05))
    (fp_line (start 1.48 -0.73) (end 1.48 0.73) (layer F.CrtYd) (width 0.05))
    (fp_line (start -1.48 -0.73) (end 1.48 -0.73) (layer F.CrtYd) (width 0.05))
    (fp_line (start -1.48 0.73) (end -1.48 -0.73) (layer F.CrtYd) (width 0.05))
    (fp_line (start -0.237258 0.5225) (end 0.237258 0.5225) (layer F.SilkS) (width 0.12))
    (fp_line (start -0.237258 -0.5225) (end 0.237258 -0.5225) (layer F.SilkS) (width 0.12))
    (fp_line (start 0.8 0.4125) (end -0.8 0.4125) (layer F.Fab) (width 0.1))
    (fp_line (start 0.8 -0.4125) (end 0.8 0.4125) (layer F.Fab) (width 0.1))
    (fp_line (start -0.8 -0.4125) (end 0.8 -0.4125) (layer F.Fab) (width 0.1))
    (fp_line (start -0.8 0.4125) (end -0.8 -0.4125) (layer F.Fab) (width 0.1))
    (fp_text user %R (at 0 0) (layer F.Fab)
      (effects (font (size 0.4 0.4) (thickness 0.06)))
    )
    (pad 1 smd roundrect (at -0.825 0) (size 0.8 0.95) (layers F.Cu F.Paste F.Mask) (roundrect_rratio 0.25)
      (net 45 "Net-(Q1-Pad2)"))
    (pad 2 smd roundrect (at 0.825 0) (size 0.8 0.95) (layers F.Cu F.Paste F.Mask) (roundrect_rratio 0.25)
      (net 37 "Net-(D1-Pad1)"))
    (model ${KISYS3DMOD}/Resistor_SMD.3dshapes/R_0603_1608Metric.wrl
      (at (xyz 0 0 0))
      (scale (xyz 1 1 1))
      (rotate (xyz 0 0 0))
    )
  )

  (module Package_TO_SOT_SMD:SOT-23 (layer F.Cu) (tedit 5A02FF57) (tstamp 61048A7B)
    (at 48.768 68.326 270)
    (descr "SOT-23, Standard")
    (tags SOT-23)
    (path /61076485)
    (attr smd)
    (fp_text reference Q4 (at 0 -2.5 90) (layer F.SilkS)
      (effects (font (size 1 1) (thickness 0.15)))
    )
    (fp_text value MMBT3906 (at 0 2.5 90) (layer F.Fab)
      (effects (font (size 1 1) (thickness 0.15)))
    )
    (fp_text user %R (at 0 0) (layer F.Fab)
      (effects (font (size 0.5 0.5) (thickness 0.075)))
    )
    (fp_line (start -0.7 -0.95) (end -0.7 1.5) (layer F.Fab) (width 0.1))
    (fp_line (start -0.15 -1.52) (end 0.7 -1.52) (layer F.Fab) (width 0.1))
    (fp_line (start -0.7 -0.95) (end -0.15 -1.52) (layer F.Fab) (width 0.1))
    (fp_line (start 0.7 -1.52) (end 0.7 1.52) (layer F.Fab) (width 0.1))
    (fp_line (start -0.7 1.52) (end 0.7 1.52) (layer F.Fab) (width 0.1))
    (fp_line (start 0.76 1.58) (end 0.76 0.65) (layer F.SilkS) (width 0.12))
    (fp_line (start 0.76 -1.58) (end 0.76 -0.65) (layer F.SilkS) (width 0.12))
    (fp_line (start -1.7 -1.75) (end 1.7 -1.75) (layer F.CrtYd) (width 0.05))
    (fp_line (start 1.7 -1.75) (end 1.7 1.75) (layer F.CrtYd) (width 0.05))
    (fp_line (start 1.7 1.75) (end -1.7 1.75) (layer F.CrtYd) (width 0.05))
    (fp_line (start -1.7 1.75) (end -1.7 -1.75) (layer F.CrtYd) (width 0.05))
    (fp_line (start 0.76 -1.58) (end -1.4 -1.58) (layer F.SilkS) (width 0.12))
    (fp_line (start 0.76 1.58) (end -0.7 1.58) (layer F.SilkS) (width 0.12))
    (pad 3 smd rect (at 1 0 270) (size 0.9 0.8) (layers F.Cu F.Paste F.Mask)
      (net 2 GND))
    (pad 2 smd rect (at -1 0.95 270) (size 0.9 0.8) (layers F.Cu F.Paste F.Mask)
      (net 48 "Net-(Q4-Pad2)"))
    (pad 1 smd rect (at -1 -0.95 270) (size 0.9 0.8) (layers F.Cu F.Paste F.Mask)
      (net 6 TX_TO_AUX))
    (model ${KISYS3DMOD}/Package_TO_SOT_SMD.3dshapes/SOT-23.wrl
      (at (xyz 0 0 0))
      (scale (xyz 1 1 1))
      (rotate (xyz 0 0 0))
    )
  )

  (module Package_TO_SOT_SMD:SOT-23 (layer F.Cu) (tedit 5A02FF57) (tstamp 61048A66)
    (at 36.068 36.83 270)
    (descr "SOT-23, Standard")
    (tags SOT-23)
    (path /6106DFE7)
    (attr smd)
    (fp_text reference Q3 (at 0 -2.5 90) (layer F.SilkS)
      (effects (font (size 1 1) (thickness 0.15)))
    )
    (fp_text value MMBT3906 (at 0 2.5 90) (layer F.Fab)
      (effects (font (size 1 1) (thickness 0.15)))
    )
    (fp_line (start 0.76 1.58) (end -0.7 1.58) (layer F.SilkS) (width 0.12))
    (fp_line (start 0.76 -1.58) (end -1.4 -1.58) (layer F.SilkS) (width 0.12))
    (fp_line (start -1.7 1.75) (end -1.7 -1.75) (layer F.CrtYd) (width 0.05))
    (fp_line (start 1.7 1.75) (end -1.7 1.75) (layer F.CrtYd) (width 0.05))
    (fp_line (start 1.7 -1.75) (end 1.7 1.75) (layer F.CrtYd) (width 0.05))
    (fp_line (start -1.7 -1.75) (end 1.7 -1.75) (layer F.CrtYd) (width 0.05))
    (fp_line (start 0.76 -1.58) (end 0.76 -0.65) (layer F.SilkS) (width 0.12))
    (fp_line (start 0.76 1.58) (end 0.76 0.65) (layer F.SilkS) (width 0.12))
    (fp_line (start -0.7 1.52) (end 0.7 1.52) (layer F.Fab) (width 0.1))
    (fp_line (start 0.7 -1.52) (end 0.7 1.52) (layer F.Fab) (width 0.1))
    (fp_line (start -0.7 -0.95) (end -0.15 -1.52) (layer F.Fab) (width 0.1))
    (fp_line (start -0.15 -1.52) (end 0.7 -1.52) (layer F.Fab) (width 0.1))
    (fp_line (start -0.7 -0.95) (end -0.7 1.5) (layer F.Fab) (width 0.1))
    (fp_text user %R (at 0 0) (layer F.Fab)
      (effects (font (size 0.5 0.5) (thickness 0.075)))
    )
    (pad 1 smd rect (at -1 -0.95 270) (size 0.9 0.8) (layers F.Cu F.Paste F.Mask)
      (net 5 TX_TO_CONTROL_BOARD))
    (pad 2 smd rect (at -1 0.95 270) (size 0.9 0.8) (layers F.Cu F.Paste F.Mask)
      (net 47 "Net-(Q3-Pad2)"))
    (pad 3 smd rect (at 1 0 270) (size 0.9 0.8) (layers F.Cu F.Paste F.Mask)
      (net 2 GND))
    (model ${KISYS3DMOD}/Package_TO_SOT_SMD.3dshapes/SOT-23.wrl
      (at (xyz 0 0 0))
      (scale (xyz 1 1 1))
      (rotate (xyz 0 0 0))
    )
  )

  (module Package_TO_SOT_SMD:SOT-23 (layer F.Cu) (tedit 5A02FF57) (tstamp 61048A51)
    (at 44.704 68.326 270)
    (descr "SOT-23, Standard")
    (tags SOT-23)
    (path /61076466)
    (attr smd)
    (fp_text reference Q2 (at 0 -2.5 90) (layer F.SilkS)
      (effects (font (size 1 1) (thickness 0.15)))
    )
    (fp_text value MMBT3906 (at 0 2.5 90) (layer F.Fab)
      (effects (font (size 1 1) (thickness 0.15)))
    )
    (fp_text user %R (at 0 0) (layer F.Fab)
      (effects (font (size 0.5 0.5) (thickness 0.075)))
    )
    (fp_line (start -0.7 -0.95) (end -0.7 1.5) (layer F.Fab) (width 0.1))
    (fp_line (start -0.15 -1.52) (end 0.7 -1.52) (layer F.Fab) (width 0.1))
    (fp_line (start -0.7 -0.95) (end -0.15 -1.52) (layer F.Fab) (width 0.1))
    (fp_line (start 0.7 -1.52) (end 0.7 1.52) (layer F.Fab) (width 0.1))
    (fp_line (start -0.7 1.52) (end 0.7 1.52) (layer F.Fab) (width 0.1))
    (fp_line (start 0.76 1.58) (end 0.76 0.65) (layer F.SilkS) (width 0.12))
    (fp_line (start 0.76 -1.58) (end 0.76 -0.65) (layer F.SilkS) (width 0.12))
    (fp_line (start -1.7 -1.75) (end 1.7 -1.75) (layer F.CrtYd) (width 0.05))
    (fp_line (start 1.7 -1.75) (end 1.7 1.75) (layer F.CrtYd) (width 0.05))
    (fp_line (start 1.7 1.75) (end -1.7 1.75) (layer F.CrtYd) (width 0.05))
    (fp_line (start -1.7 1.75) (end -1.7 -1.75) (layer F.CrtYd) (width 0.05))
    (fp_line (start 0.76 -1.58) (end -1.4 -1.58) (layer F.SilkS) (width 0.12))
    (fp_line (start 0.76 1.58) (end -0.7 1.58) (layer F.SilkS) (width 0.12))
    (pad 3 smd rect (at 1 0 270) (size 0.9 0.8) (layers F.Cu F.Paste F.Mask)
      (net 2 GND))
    (pad 2 smd rect (at -1 0.95 270) (size 0.9 0.8) (layers F.Cu F.Paste F.Mask)
      (net 46 "Net-(Q2-Pad2)"))
    (pad 1 smd rect (at -1 -0.95 270) (size 0.9 0.8) (layers F.Cu F.Paste F.Mask)
      (net 7 RX_FROM_AUX))
    (model ${KISYS3DMOD}/Package_TO_SOT_SMD.3dshapes/SOT-23.wrl
      (at (xyz 0 0 0))
      (scale (xyz 1 1 1))
      (rotate (xyz 0 0 0))
    )
  )

  (module Package_TO_SOT_SMD:SOT-23 (layer F.Cu) (tedit 5A02FF57) (tstamp 61048A3C)
    (at 32.258 36.83 270)
    (descr "SOT-23, Standard")
    (tags SOT-23)
    (path /6105FE90)
    (attr smd)
    (fp_text reference Q1 (at 0 -2.5 90) (layer F.SilkS)
      (effects (font (size 1 1) (thickness 0.15)))
    )
    (fp_text value MMBT3906 (at 0 2.5 90) (layer F.Fab)
      (effects (font (size 1 1) (thickness 0.15)))
    )
    (fp_line (start 0.76 1.58) (end -0.7 1.58) (layer F.SilkS) (width 0.12))
    (fp_line (start 0.76 -1.58) (end -1.4 -1.58) (layer F.SilkS) (width 0.12))
    (fp_line (start -1.7 1.75) (end -1.7 -1.75) (layer F.CrtYd) (width 0.05))
    (fp_line (start 1.7 1.75) (end -1.7 1.75) (layer F.CrtYd) (width 0.05))
    (fp_line (start 1.7 -1.75) (end 1.7 1.75) (layer F.CrtYd) (width 0.05))
    (fp_line (start -1.7 -1.75) (end 1.7 -1.75) (layer F.CrtYd) (width 0.05))
    (fp_line (start 0.76 -1.58) (end 0.76 -0.65) (layer F.SilkS) (width 0.12))
    (fp_line (start 0.76 1.58) (end 0.76 0.65) (layer F.SilkS) (width 0.12))
    (fp_line (start -0.7 1.52) (end 0.7 1.52) (layer F.Fab) (width 0.1))
    (fp_line (start 0.7 -1.52) (end 0.7 1.52) (layer F.Fab) (width 0.1))
    (fp_line (start -0.7 -0.95) (end -0.15 -1.52) (layer F.Fab) (width 0.1))
    (fp_line (start -0.15 -1.52) (end 0.7 -1.52) (layer F.Fab) (width 0.1))
    (fp_line (start -0.7 -0.95) (end -0.7 1.5) (layer F.Fab) (width 0.1))
    (fp_text user %R (at 0 0) (layer F.Fab)
      (effects (font (size 0.5 0.5) (thickness 0.075)))
    )
    (pad 1 smd rect (at -1 -0.95 270) (size 0.9 0.8) (layers F.Cu F.Paste F.Mask)
      (net 29 RX_FROM_CONTROL_BOARD_3V3))
